5
7 11 12 13 15
4
13 14 16 17
8
1 5 7 10 11 15 20 22
13
5 6 11 12 13 16 17 18 19 20 22 28 29
4
12 13 14 16
8
3 5 8 9 13 16 19 20
5
5 7 10 11 12
3
11 12 15
4
3 9 12 13
8
2 3 6 7 11 15 19 21
9
4 7 12 13 16 17 19 20 24
9
8 10 11 12 18 19 22 25 26
14
1 7 8 10 13 14 19 20 22 23 25 27 31 33
8
4 5 6 9 10 13 15 17
3
1 7 10
3
1 8 11
6
9 10 12 13 18 21
10
4 6 10 11 12 21 23 24 26 28
13
1 9 10 11 13 19 21 22 23 27 30 32 33
18
1 3 6 10 12 16 17 20 23 25 28 33 34 35 38 39 41 42
20
3 4 8 9 11 15 19 20 21 25 31 34 35 36 37 39 40 41 44 45
3
1 9 10
4
6 9 10 14
6
4 7 10 12 15 19
6
6 10 11 12 13 19
3
3 5 9
5
8 12 16 17 18
9
5 6 8 11 13 14 15 19 21
12
6 8 13 15 16 19 21 22 23 24 26 31
7
4 9 10 11 20 21 22
2
6 10
4
2 3 10 12
4
2 3 7 15
8
2 3 9 18 20 21 22 24
11
1 9 11 12 16 19 20 21 26 28 30
8
2 13 14 15 16 18 19 23
14
6 7 8 9 10 11 15 16 21 23 26 30 31 32
11
3 7 9 11 12 14 16 21 27 29 30
6
4 5 8 9 12 13
3
6 7 11
2
7 10
4
2 3 12 13
4
2 5 10 12
7
7 14 16 18 19 21 22
5
2 4 6 7 13
6
1 4 5 9 13 16
3
8 12 14
6
11 13 14 15 16 21
12
3 4 5 14 18 19 21 25 26 27 30 31
9
10 12 13 14 18 19 23 25 26
4
9 10 12 16
3
4 5 7
3
9 11 12
4
2 4 7 13
4
3 4 8 9
8
6 8 9 10 11 13 18 20
8
1 5 11 12 15 17 20 23
3
4 5 9
7
3 8 9 11 12 14 20
5
2 6 8 10 12
5
9 10 12 13 16
9
1 4 6 8 9 13 17 22 26
9
1 11 12 15 18 19 20 23 24
5
4 7 8 16 17
5
1 8 10 12 14
5
3 4 8 15 16
11
1 11 12 13 14 16 20 22 23 25 26
4
8 11 15 16
6
8 10 14 15 19 22
6
6 7 12 13 14 18
4
11 13 14 15
7
7 9 12 18 19 20 21
9
9 11 14 16 18 19 26 27 28
2
8 9
4
4 5 8 14
2
8 9
3
6 7 9
2
11 13
2
7 11
4
2 7 8 13
4
8 12 14 15
4
5 7 8 11
7
4 7 9 10 15 18 20
3
3 4 5
3
7 8 12
3
6 10 11
6
1 8 9 12 13 14
7
1 4 10 12 13 15 17
4
1 3 5 12
7
2 8 9 13 15 20 21
6
3 5 10 11 13 18
4
4 9 14 16
2
6 10
2
10 12
4
11 13 15 16
7
7 8 10 13 15 18 19
7
4 6 9 11 17 18 19
4
3 10 14 15
2
7 8
5
6 12 14 15 16
