100 50
76 44
96 27
75 66
19 88
86 31
99 82
18 57
50 10
94 11
43 49
18 97
96 98
97 36
39 49
62 82
82 4
42 50
30 45
71 66
95 12
37 91
35 58
39 89
55 33
39 30
1 33
31 6
63 48
5 98
94 55
31 16
57 68
70 17
3 61
91 27
40 38
14 3
37 95
47 69
27 86
77 76
10 52
17 83
26 89
72 65
24 51
42 31
2 91
80 18
9 26
3 57
76 69
60 77
50 7
73 16
24 3
6 29
63 84
45 96
81 3
96 47
16 19
46 70
76 58
4 53
27 68
45 65
24 83
29 82
64 45
33 7
87 37
97 78
59 46
8 87
75 60
63 30
19 34
68 21
88 38
13 28
56 64
18 15
36 92
95 13
3 22
47 74
54 92
63 90
13 25
85 6
67 59
20 39
1 93
56 79
41 53
23 31
69 32
75 100
